Classification
- accuracy: 0.62
- macro_f1: 0.5958720336930954
- auroc_ovr: 0.7870529752501746

Plausibility
- token_f1: 0.8061446504931457
- iou: 0.7633519017830839

Faithfulness
- comprehensiveness: 0.26922937370836736
- sufficiency: 0.0011904942337423563
